1.27142
1.26525
1.24682
1.21644
1.17458
1.12189
1.05921
0.987503
0.907885
0.821585
0.729917
0.634272
0.536081
0.436794
0.337857
0.240684
0.146633
0.0569809
-0.0270908
-0.104523
-0.174393
-0.235924
-0.288506
-0.331694
-0.365218
-0.388982
-0.403065
-0.407711
-0.403326
-0.390463
-0.369807
-0.342165
-0.308443
-0.269626
-0.22676
-0.180929
-0.133231
-0.0847624
-0.0365891
0.0102678
0.0548531
0.0962946
0.133818
0.166757
0.19457
0.216841
0.233285
0.243754
0.248232
0.246836
0.239802
0.227485
0.210342
0.188921
0.163849
0.135811
0.10554
0.073794
0.0413429
0.00894851
-0.0226503
-0.0527537
-0.0807155
-0.105956
-0.127972
-0.146349
-0.160764
-0.170995
-0.176918
-0.178512
-0.175857
-0.169125
-0.158578
-0.144562
-0.127489
-0.107834
-0.0861213
-0.0629073
-0.0387716
-0.0143012
0.0099227
0.0333382
0.0554146
0.075664
0.093652
0.109006
0.121424
0.130677
0.136615
0.139172
0.138356
0.134261
0.127049
0.116956
0.104281
0.0893735
0.0726329
0.0544919
0.0354078
0.0158515
-0.00370409
-0.0227946
-0.0409758
-0.0578327
-0.0729898
-0.0861175
-0.0969411
-0.105245
-0.110876
-0.113748
-0.113842
-0.111204
-0.105943
-0.098232
-0.088295
-0.0764071
-0.0628852
-0.0480792
-0.0323636
-0.0161291
0.000227892
0.0163145
0.0317506
0.046177
0.0592647
0.0707216
0.0802985
0.0877951
0.0930637
0.0960121
0.0966046
0.0948621
0.090861
0.0847306
0.0766491
0.0668387
0.0555595
0.0431034
0.0297862
0.0159395
0.00190299
-0.011983
-0.0253874
-0.0379949
-0.0495133
-0.0596806
-0.0682707
-0.0750981
-0.0800221
-0.0829496
-0.0838363
-0.0826874
-0.079557
-0.0745459
-0.0677988
-0.0595003
-0.0498695
-0.0391552
-0.027629
-0.0155784
-0.00330023
0.00890709
0.0207501
0.0319479
0.0422386
0.0513848
0.0591797
0.0654514
0.0700667
0.0729333
0.0740028
0.07327
0.0707733
0.0665932
0.0608494
0.0536985
0.0453287
0.0359557
0.0258167
0.0151652
0.00426388
-0.00662137
-0.0172279
-0.0273025
-0.0366077
-0.0449268
-0.0520695
-0.0578756
-0.062219
-0.0650101
-0.0661975
-0.0657692
-0.0637523
-0.0602118
-0.0552489
-0.048998
-0.0416231
-0.033314
-0.024281
-0.0147497
-0.00495541
0.00486217
0.0144655
0.0236245
0.0321216
0.039758
0.0463567
0.0517687
0.0558738
0.0585854
0.059851
0.0596533
0.0580111
0.0549774
0.0506388
0.0451122
0.0385422
0.0310977
0.0229667
0.0143524
0.00546777
-0.00346972
-0.0122429
-0.0206411
-0.0284639
-0.035527
-0.0416662
-0.0467406
-0.0506366
-0.0532702
-0.0545883
-0.0545702
-0.053228
-0.0506055
-0.0467773
-0.0418458
-0.0359405
-0.0292121
-0.0218309
-0.0139813
-0.00585711
0.00234217
0.010417
0.018173
0.0254247
0.0320001
0.0377454
0.042528
0.0462395
0.0487986
0.0501524
0.0502775
0.0491807
0.0468982
0.0434945
0.039061
0.0337134
0.0275883
0.0208402
0.013638
0.00615943
-0.00141155
-0.00889091
-0.0160977
-0.0228589
-0.0290143
-0.0344186
-0.0389464
-0.0424944
-0.0449837
-0.0463616
-0.046603
-0.0457103
-0.0437134
-0.0406687
-0.0366579
-0.0317851
-0.026175
-0.019969
-0.0133219
-0.00639831
0.000631576
0.00759667
0.0143281
0.020664
0.0264534
0.0315596
0.0358632
0.0392653
0.0416895
0.0430837
0.043421
0.0427005
0.0409469
0.0382097
0.034562
0.0300987
0.0249334
0.0191966
0.0130312
0.00658988
3.11054e-05
-0.00648535
-0.0128011
-0.0187644
-0.0242325
-0.0290755
-0.0331803
-0.0364516
-0.0388154
-0.0402201
-0.0406378
-0.0400645
-0.0385204
-0.0360495
-0.0327174
-0.0286105
-0.0238338
-0.0185071
-0.0127636
-0.00674557
-0.000600972
0.00552041
0.0114697
0.0171035
0.0222867
0.0268962
0.0308233
0.0339767
0.0362846
0.037696
0.0381818
0.0377359
0.0363747
0.0341368
0.0310817
0.0272889
0.0228539
0.0178895
0.012519
0.00687536
0.00109747
-0.00467332
-0.010297
-0.0156376
-0.0205669
-0.0249674
-0.028735
-0.031782
-0.0340381
-0.0354532
-0.0359977
-0.0356631
-0.0344625
-0.0324301
-0.0296199
-0.0261048
-0.0219739
-0.0173314
-0.0122928
-0.00698294
-0.00153246
0.00392532
0.00925744
0.0143352
0.0190364
0.0232485
0.0268722
0.029822
0.0320302
0.0334468
0.0340418
0.033805
0.0327467
0.030897
0.028305
0.025038
0.0211786
0.0168241
0.012083
0.00707264
0.00191631
-0.00325975
-0.0083294
-0.0131701
-0.0176652
-0.0217069
-0.0251995
-0.0280606
-0.030224
-0.0316405
-0.0322796
-0.0321295
-0.031198
-0.0295116
-0.0271154
-0.024071
-0.0204559
-0.0163609
-0.011888
-0.00714789
-0.00225738
0.00266383
0.00749595
0.0121215
0.0164293
0.0203159
0.0236888
0.0264684
0.0285901
0.0300052
0.0306828
0.03061
0.0297923
0.0282531
0.0260334
0.02319
0.019796
0.0159358
0.0117061
0.00721124
0.00256223
-0.00212724
-0.00674295
-0.0111726
-0.0153096
-0.0190541
-0.0223174
-0.0250218
-0.0271042
-0.0285172
-0.0292288
-0.0292255
-0.0285103
-0.0271041
-0.0250443
-0.0223839
-0.0191905
-0.0155442
-0.0115357
-0.00726493
-0.00283603
0.00164166
0.00605931
0.0103097
0.0142897
0.0179041
0.0210661
0.023701
0.0257469
0.0271566
0.0278986
0.0279578
0.0273356
0.0260506
0.0241363
0.0216428
0.0186328
0.015182
0.0113764
0.00731012
0.0030835
-0.00120045
-0.00543595
-0.00952119
-0.0133572
-0.0168511
-0.0199198
-0.02249
-0.0245015
-0.0259076
-0.0266766
-0.0267924
-0.0262551
-0.0250804
-0.0232997
-0.0209586
-0.0181169
-0.0148457
-0.0112263
-0.00734859
-0.00330769
0.000796866
0.00486527
0.00879812
0.0125004
0.0158834
0.0188652
0.0213755
0.0233545
0.0247565
0.0255496
0.025717
0.0252571
0.0241839
0.0225255
0.0203251
0.0176382
0.0145324
0.011085
0.00738095
0.00351204
-0.000427285
-0.00434033
-0.0081324
-0.0117112
-0.0149905
-0.0178918
-0.0203456
-0.0222941
-0.0236917
-0.0245066
-0.0247211
-0.0243324
-0.0233524
-0.021807
-0.0197362
-0.0171924
-0.0142395
-0.0109511
-0.00740835
-0.00369848
8.71775e-05
0.0038564
0.00751707
0.0109811
0.014164
0.0169899
0.0193911
0.0213106
0.0227036
0.0235382
0.0237958
0.0234727
0.0225787
0.0211378
0.0191871
0.0167762
0.0139652
0.0108242
0.00743117
0.00386955
0.000226586
-0.00340846
-0.00694725
-0.0103035
-0.0133967
-0.0161519
-0.0185035
-0.0203956
-0.0217838
-0.0226361
-0.0229335
-0.0226709
-0.0218567
-0.0205128
-0.0186738
-0.016386
-0.0137071
-0.0107038
-0.00745013
-0.00402666
-0.000517025
0.00299291
0.00641723
0.00967328
0.012682
0.015371
0.0176759
0.019542
0.0209252
0.0217935
0.0221279
0.0219211
0.0211811
0.0199272
0.0181923
0.0160196
0.0134641
0.010589
0.00746593
0.00417148
0.00078646
-0.00260591
-0.00592344
-0.00908507
-0.0120152
-0.0146412
-0.0169021
-0.0187434
-0.0201215
-0.0210045
-0.0213724
-0.0212182
-0.0205472
-0.0193775
-0.0177396
-0.0156746
-0.0132343
-0.0104796
-0.00747846
-0.00430507
-0.00103702
0.00224515
0.00546192
0.00853508
0.0113898
0.0139578
0.016177
0.0179944
0.0193674
0.0202637
0.0206631
0.0205575
0.019951
0.0188602
0.0173131
0.0153488
0.0130168
0.0103748
0.00748851
0.00442882
0.00127102
-0.00190763
-0.00502977
-0.00801916
-0.0108037
-0.0133158
-0.0154956
-0.0172905
-0.0186582
-0.0195667
-0.0199953
-0.019935
-0.019389
-0.0183719
-0.0169101
-0.0150406
-0.0128102
-0.0102745
-0.00749605
-0.00454357
-0.00148941
0.00159157
0.00462407
0.00753469
0.0102525
0.0127121
0.014854
0.0166273
0.0179897
0.0189094
0.0193652
0.0193474
0.018858
0.0179103
0.0165287
0.0147484
0.0126138
0.010178
0.00750156
0.0046501
0.00169405
-0.00129464
-0.00424285
-0.00707837
-0.00973314
-0.0121425
-0.0142488
-0.0160013
-0.0173585
-0.0182883
-0.0187694
-0.0187915
-0.0183553
-0.0174728
-0.0161669
-0.0144705
-0.0124264
-0.0100853
-0.00750501
-0.00474942
-0.001886
0.00101522
0.00388321
0.00664798
0.00924272
0.0116047
0.0136766
0.0154092
0.016761
0.0177003
0.0182051
0.0182646
0.0178785
0.0170577
0.0158228
0.0142062
0.0122476
0.00999588
0.00750678
0.00484166
0.00206616
-0.000752036
-0.00354379
-0.00624134
-0.00877894
-0.0110954
-0.0131348
-0.0148481
-0.0161946
-0.0171424
-0.0176697
-0.0177642
-0.0174255
-0.0166627
-0.0154957
-0.0139541
-0.0120765
-0.00990955
-0.00750685
-0.00492782
-0.00223568
0.00050348
0.00322299
0.00585626
0.00833966
0.0106128
0.012621
0.0143158
0.0156568
0.0166125
0.0171604
0.0172883
0.0169942
0.0162861
0.0151835
0.0137133
0.0119124
0.00982612
0.00750547
0.00500822
0.00239556
-0.000268656
-0.00291874
-0.00549136
-0.00792271
-0.0101545
-0.0121326
-0.0138095
-0.0151453
-0.0161079
-0.0166756
-0.0168348
-0.016583
-0.0159275
-0.0148852
-0.0134826
-0.011755
-0.0097452
-0.00750276
-0.00508331
-0.00254628
4.62207e-05
0.00263099
0.00514467
0.00752658
0.00971853
0.011668
0.0133276
0.014658
0.0156274
0.0162132
0.0164022
0.0161904
0.0155844
0.0145998
0.0132618
0.0116035
0.00966658
0.00749874
0.00515361
0.0026887
0.000164504
-0.00235725
-0.00481524
-0.00714946
-0.00930351
-0.011225
-0.0128681
-0.0141932
-0.0151686
-0.0157716
-0.0159885
-0.0158149
-0.0152559
-0.0143263
-0.0130503
-0.0114577
-0.00959037
-0.0074936
-0.00521931
-0.00282345
-0.000364519
0.00209706
0.00450142
0.00679013
0.00890757
0.0108026
0.0124293
0.013749
0.01473
0.0153494
0.0155928
0.0154553
0.0149412
0.0140638
0.0128455
0.0113169
0.00951602
0.00748735
0.00528079
0.00295109
0.000554748
-0.00184923
-0.00420223
-0.00644735
-0.00852954
-0.0103987
-0.0120096
-0.0133244
-0.0143103
-0.0149449
-0.0152135
-0.0151104
-0.0146389
-0.0138115
-0.0126492
-0.0111812
-0.00944368
-0.00747993
-0.00533844
-0.00307192
-0.000735721
0.00161311
0.00391688
0.00611971
0.00816807
0.0100124
0.0116083
0.0129172
0.0139079
0.0145571
0.0148496
0.0147793
0.0143486
0.0135689
0.0124599
0.0110496
0.00937297
0.00747168
0.00539247
0.00318656
0.000907763
-0.00138753
-0.00364396
-0.00580633
-0.00782222
-0.00964254
-0.0112234
-0.0125269
-0.0135219
-0.0141848
-0.0145001
-0.0144609
-0.0140692
-0.013335
-0.0122772
-0.0109223
-0.00930411
-0.00746257
-0.005443
-0.00329527
-0.00107197
0.00117243
0.00338319
0.00550655
0.00749072
0.00928752
0.0108541
0.0121523
0.0131512
0.013827
0.0141639
0.0141545
0.0138
0.0131094
0.0121006
0.0107988
0.00923671
0.00745229
0.00549033
0.00339847
0.00122877
-0.000966382
-0.00313344
-0.00521903
-0.00717275
-0.00894704
-0.0104995
-0.0117923
-0.0127944
-0.0134827
-0.0138401
-0.0138592
-0.0135402
-0.0128915
-0.0119297
-0.0106792
-0.00917052
-0.00744151
-0.00553503
-0.00349687
-0.00137834
0.000769533
0.0028943
0.00494309
0.00686732
0.00862002
0.0101586
0.0114454
0.0124514
0.0131507
0.0135282
0.0135746
0.0132895
0.0126809
0.0117644
0.0105626
0.00910586
0.00742985
0.00557623
0.00359033
0.00152097
-0.000580546
-0.00266416
-0.00467817
-0.006574
-0.00830521
-0.0098303
-0.0111123
-0.0121206
-0.0128311
-0.013227
-0.0132993
-0.0130471
-0.0124771
-0.0116038
-0.0104494
-0.00904229
-0.00741753
-0.00561497
-0.00367966
-0.0016579
0.000399861
0.00244364
0.00442366
0.0062919
0.0080023
0.00951407
0.0107907
0.0118015
0.0125224
0.0129362
0.0130335
0.0128126
0.0122796
0.0114481
0.010339
0.00897984
0.00740425
0.00565132
0.00376407
0.00178878
-0.000226078
-0.00223185
-0.00417873
-0.00602
-0.00771015
-0.00920932
-0.0104807
-0.0114935
-0.0122241
-0.012655
-0.0127763
-0.0125855
-0.0120882
-0.0112969
-0.0102314
-0.00891843
-0.00739048
-0.0056853
-0.00384474
-0.00191359
5.97652e-05
0.00202797
0.00394292
0.00575781
0.00742904
0.00891511
0.0101809
0.011196
0.0119359
0.0123831
0.012527
0.0123655
0.0119024
0.0111494
0.0101264
0.00885804
0.00737604
0.00571696
0.00392149
0.00203396
0.000100424
-0.00183184
-0.00371557
-0.00550528
-0.00715697
-0.00863083
-0.00989137
-0.0109084
-0.0116568
-0.0121197
-0.0122858
-0.0121518
-0.0117216
-0.0110063
-0.0100238
-0.00879851
-0.00736095
-0.00574641
-0.00399474
-0.00214898
-0.000254863
0.00164304
0.00349671
0.00526138
0.00689449
0.00835629
0.00961149
0.0106298
0.0113867
0.0118642
0.0120516
0.0119443
0.011546
0.0108666
0.00992348
0.00873981
0.00734512
0.0057739
0.00406474
0.00225944
0.0004024
-0.00146093
-0.00328535
-0.00502573
-0.00664071
-0.00809057
-0.00934032
-0.0103598
-0.0111244
-0.0116166
-0.0118242
-0.0117428
-0.0113751
-0.0107307
-0.00982536
-0.00868188
-0.00732883
-0.00579908
-0.00413134
-0.00236514
-0.000544827
0.00128534
0.00308117
0.00479845
0.00639538
0.00783344
0.00907756
0.0100982
0.0108706
0.0113761
0.0116032
0.0115465
0.0112087
0.0105976
0.00972912
0.00862488
0.00731163
0.00582296
0.00419471
0.00246697
0.000682152
-0.00111605
-0.00288399
-0.00457823
-0.00615767
-0.00758431
-0.00882311
-0.00984459
-0.0106239
-0.0111425
-0.0113883
-0.0113558
-0.0110464
-0.0104678
-0.00963477
-0.00856837
-0.0072945
-0.00584503
-0.0042553
-0.00256469
-0.000814501
0.000952693
0.0026934
0.00436523
0.00592769
0.00734289
0.00857632
0.0095977
0.0103841
0.0109154
0.0111793
0.01117
0.0108879
0.010341
0.00954246
0.00851253
0.00727636
0.00586558
0.00431324
0.00265843
0.00094191
-0.000794813
-0.00250879
-0.00415901
-0.00570476
-0.00710867
-0.00833654
-0.0093589
-0.0101512
-0.0106945
-0.0109762
-0.0109887
-0.0107336
-0.0102168
-0.00945171
-0.00845721
-0.00725801
-0.0058838
-0.00436825
-0.0027487
-0.00106492
0.000641882
0.00233044
0.00395924
0.00548843
0.00688111
0.00810371
0.00912647
0.00992469
0.0104794
0.0107774
0.0108117
0.0105825
0.0100954
0.00936256
0.00840255
0.00723901
0.00590077
0.00442083
0.00283549
0.00118361
-0.000494615
-0.00215769
-0.00376534
-0.00527856
-0.00666049
-0.00787749
-0.00890018
-0.00970406
-0.0102698
-0.010584
-0.0106395
-0.0104349
-0.00997623
-0.00927486
-0.00834827
-0.00721941
-0.00591636
-0.00447098
-0.00291894
-0.001298
0.000351847
0.00199031
0.00357745
0.0050748
0.00644599
0.00765733
0.0086802
0.00948932
0.0100657
0.0103956
0.0104707
0.0102906
0.00985966
0.00918864
0.00829432
0.00719946
0.00593046
0.00451884
0.00299872
0.00140865
-0.000213741
-0.00182788
-0.00339524
-0.00487724
-0.00623742
-0.00744345
-0.00846578
-0.00928011
-0.00986661
-0.0102111
-0.010306
-0.0101493
-0.00974513
-0.00910365
-0.00824127
-0.00717875
-0.00594325
-0.00456426
-0.00307627
-0.00151547
7.97343e-05
0.00167087
0.00321796
0.00468466
0.00603452
0.00723498
0.00825694
0.00907618
0.009672
0.0100311
0.010145
0.010011
0.00963282
0.00902017
0.00818836
0.00715787
0.00595461
0.00460774
0.00315056
0.00161917
4.97649e-05
-0.00151795
-0.00304602
-0.00449765
-0.00583707
-0.00703215
-0.00805354
-0.00887673
-0.00948215
-0.00985547
-0.00998732
-0.00987527
-0.00952246
-0.00893781
-0.0081359
-0.00713664
-0.00596477
-0.00464905
-0.00322184
-0.00171811
-0.000174891
0.00137031
0.00287958
0.00431645
0.00564566
0.00683497
0.00785571
0.00868316
0.00929732
0.00968363
0.00983302
0.00974206
0.00941266
0.00885562
0.00808244
0.00711327
0.00597176
0.00468625
0.00328839
0.00181227
0.000294166
-0.00122879
-0.00271955
-0.00414158
-0.00546032
-0.00664385
-0.00766325
-0.00849445
-0.00911686
-0.00951581
-0.00968179
-0.00961133
-0.0093065
-0.00877455
-0.00802942
-0.00708941
-0.00597768
-0.00472182
-0.00335269
-0.00190348
-0.000409847
0.00109119
0.00256361
0.00397121
0.00527972
0.0064575
0.00747586
0.00831027
0.00894045
0.00935158
0.00953371
0.00948305
0.00920112
0.00869456
0.00797681
0.00706522
0.00598232
0.00475548
0.00341434
0.00199138
0.000522199
-0.00095765
-0.00241194
-0.00380524
-0.00510367
-0.00627559
-0.00729272
-0.00813007
-0.00876779
-0.00919086
-0.00938878
-0.0093571
-0.00909723
-0.00861566
-0.00792442
-0.00704088
-0.00598644
-0.0047876
-0.00347363
-0.00207671
-0.000631025
0.000827748
0.00226439
0.00364369
0.00493182
0.00609807
0.00711358
0.00795404
0.00859908
0.00903347
0.00924655
0.00923364
0.00899524
0.00853771
0.00787241
0.00701591
0.0059893
0.00481736
0.00353071
0.00215915
0.000736777
-0.000701662
-0.00212059
-0.00348609
-0.00476441
-0.00592462
-0.0069388
-0.00778082
-0.00843385
-0.0088789
-0.00910691
-0.00911204
-0.0088948
-0.00846073
-0.00782069
-0.00699064
-0.00599123
-0.00484666
-0.00358585
-0.00223901
-0.000839244
0.000578966
0.001981
0.00333244
0.00460084
0.00575493
0.00676752
0.00761324
0.00827187
0.0087276
0.00897005
0.00899261
0.0087959
0.00838462
0.00776932
0.00696522
0.00599217
0.00487417
0.00363882
0.00231631
0.000939004
-0.000459205
-0.00184445
-0.00318269
-0.00444124
-0.0055896
-0.0066003
-0.00744831
-0.00811323
-0.00857921
-0.00883522
-0.00887521
-0.00869838
-0.00830942
-0.00771825
-0.00693941
-0.00599238
-0.00490009
-0.00368973
-0.00239107
-0.00103576
0.000343023
0.0017116
0.00303656
0.00428539
0.00542825
0.00643651
0.00728666
0.00795764
0.00843299
0.00870303
0.00875963
0.00860224
0.0082351
0.00766755
0.00691325
0.00599141
0.00492434
0.00373888
0.00246424
0.00112979
-0.000229805
-0.00158202
-0.00289362
-0.00413319
-0.00526981
-0.00627638
-0.00712813
-0.00780536
-0.00829071
-0.00857313
-0.00864581
-0.00850742
-0.00816147
-0.00761672
-0.0068868
-0.00598982
-0.00494758
-0.00378623
-0.00253372
-0.0012211
0.000119589
0.00145546
0.00275466
0.00398406
0.00511497
0.00611947
0.00697323
0.00765581
0.00815026
0.00844528
0.00853387
0.00841387
0.00808871
0.00756652
0.00686008
0.00598721
0.00496936
0.00383147
0.00260145
0.00130994
-1.23545e-05
-0.00133251
-0.00261815
-0.00383842
-0.00496347
-0.0059657
-0.0068211
-0.0075089
-0.00801245
-0.00831975
-0.00842353
-0.00832149
-0.00801649
-0.00751618
-0.00683308
-0.00598388
-0.0049898
-0.00387512
-0.00266741
-0.00139602
-9.21674e-05
0.00121218
0.00248533
0.00369608
0.00481507
0.00581526
0.00667198
0.00736481
0.00787693
0.00819615
0.00831479
0.00823031
0.00794505
0.00746616
0.00680565
0.00597975
0.00500902
0.00391715
0.00273118
0.00147983
0.000194169
-0.00109482
-0.00235531
-0.00355671
-0.00466982
-0.0056675
-0.00652512
-0.00722323
-0.00774382
-0.00807449
-0.00820767
-0.00814035
-0.00787431
-0.00741652
-0.00677794
-0.00597487
-0.00502699
-0.00395741
-0.0027927
-0.00156122
-0.000293374
0.000980492
0.00222856
0.00342048
0.00452761
0.00552285
0.0063821
0.00708425
0.00761261
0.00795456
0.00810196
0.00805126
0.00780414
0.0073667
0.00675003
0.00596932
0.00504373
0.00399629
0.00285261
0.00164119
0.00038998
-0.000868408
-0.00210419
-0.00328716
-0.00438783
-0.00538111
-0.00624107
-0.00694768
-0.00748366
-0.00783673
-0.00799778
-0.00796326
-0.00773456
-0.00731724
-0.00672299
-0.00596293
-0.00505949
-0.00403362
-0.00291053
-0.0017177
-0.00048433
0.000759221
0.00198279
0.00315641
0.00425148
0.00524167
0.00610247
0.00681332
0.00735703
0.00772036
0.0078947
0.00787681
0.00766565
0.00726771
0.00669319
0.00595586
0.00507403
0.00406931
0.00296651
0.0017927
0.000576467
-0.000652566
-0.00186397
-0.00302837
-0.00411759
-0.00510498
-0.00596655
-0.00668129
-0.00723227
-0.00760585
-0.00779322
-0.00779023
-0.00759699
-0.00721869
-0.00666429
-0.00594822
-0.00508744
-0.0041037
-0.00302094
-0.00186563
-0.000666058
0.000548213
0.00174766
0.002903
0.00398636
0.00497079
0.0058329
0.00655142
0.00710936
0.00749275
0.00769304
0.00770498
0.00752905
0.00716937
0.00663532
0.00593983
0.00509997
0.00413666
0.00307348
0.00193649
0.000753502
-0.000446227
-0.00163404
-0.00278022
-0.00385742
-0.00483904
-0.00570224
-0.00642353
-0.00698819
-0.00738145
-0.00759393
-0.00762086
-0.00746155
-0.00712048
-0.00660567
-0.00593071
-0.00511126
-0.00416835
-0.00312426
-0.002005
-0.000838785
0.000346628
0.00152265
0.00265989
0.00373101
0.00470971
0.00557228
0.00629777
0.00686897
0.00727268
0.00749598
0.0075376
0.00739507
0.00707163
0.00657604
0.0059208
0.00512128
0.00419822
0.00317373
0.00207271
0.000921971
-0.000249493
-0.00141389
-0.00254203
-0.00360697
-0.00458264
-0.00544536
-0.00617439
-0.00675128
-0.00716289
-0.0073992
-0.0074548
-0.00732807
-0.00702292
-0.00654635
-0.00591033
-0.00513109
-0.00422774
-0.00322126
-0.00213783
-0.00100322
0.000154392
0.00130712
0.00242666
0.0034852
0.00445805
0.0053205
0.00605227
0.00663583
0.00705597
0.00730368
0.0073728
0.00726211
0.00697404
0.00651596
0.00589957
0.00513963
0.00425484
0.00326731
0.00220134
0.00108297
-6.13713e-05
-0.00120264
-0.00231289
-0.00336577
-0.00433506
-0.00519761
-0.00593226
-0.00652144
-0.00695049
-0.00720926
-0.00729191
-0.00719643
-0.00692496
-0.00648539
-0.00588758
-0.00514682
-0.00428152
-0.00331196
-0.00226353
-0.00115967
-2.94109e-05
0.0011001
0.00220163
0.00324839
0.00421459
0.00507713
0.00581392
0.00640873
0.00684606
0.00711563
0.00721177
0.00713141
0.0068768
0.00645464
0.00587565
0.00515335
0.00430665
0.00335515
0.00232325
0.00123519
0.000118538
-0.0009998
-0.00209259
-0.00313311
-0.00409601
-0.00495784
-0.00569726
-0.00629761
-0.00674263
-0.0070234
-0.00713195
-0.00706643
-0.00682821
-0.00642366
-0.00586225
-0.00515913
-0.00433021
-0.00339692
-0.00238174
-0.00130893
-0.000205724
0.000901213
0.00198537
0.00302005
0.00397957
0.00484063
0.00558273
0.00618795
0.00664129
0.00693209
0.00705311
0.0070012
0.00677978
0.00639249
0.00584938
0.0051639
0.0043535
0.00343733
0.00243831
0.00138063
0.000290776
-0.000805301
-0.00187916
-0.00290853
-0.0038648
-0.00472535
-0.00546967
-0.00607966
-0.0065405
-0.00684148
-0.00697469
-0.00693778
-0.00673139
-0.00636083
-0.00583541
-0.00516804
-0.00437493
-0.00347657
-0.00249357
-0.00145107
-0.000374322
0.000710936
0.00177721
0.00279952
0.00375171
0.0046109
0.00535824
0.00597263
0.00644119
0.00675204
0.00689719
0.00687405
0.006683
0.00632922
0.00582098
0.00517114
0.00439581
0.00351412
0.00254745
0.00151939
0.000455681
-0.000618635
-0.00167617
-0.0026918
-0.00364074
-0.00450007
-0.00524749
-0.00586763
-0.00634286
-0.00666315
-0.00682029
-0.00681047
-0.00663476
-0.00629674
-0.00580596
-0.00517316
-0.00441578
-0.00355037
-0.00259991
-0.00158626
-0.000535252
0.000527945
0.00157688
0.00258631
0.00353142
0.00438959
0.00513962
0.00576386
0.00624589
0.00657501
0.00674369
0.00674744
0.00658636
0.00626464
0.00579034
0.00517514
0.00443523
0.00358569
0.0026505
0.00165133
0.000613263
-0.000438877
-0.00147913
-0.00248238
-0.00342419
-0.00428108
-0.00503373
-0.00566065
-0.00614985
-0.00648793
-0.00666785
-0.00668475
-0.00653808
-0.00623198
-0.00577425
-0.00517588
-0.0044517
-0.00361954
-0.00269994
-0.0017152
-0.000689676
0.000351769
0.00138313
0.00238043
0.00331814
0.00417306
0.00492705
0.00555887
0.00605458
0.00640218
0.00659263
0.00662216
0.0064897
0.00619932
0.00575767
0.00517545
0.00446825
0.00365253
0.00274812
0.00177729
0.000764317
-0.000266296
-0.00128981
-0.00227985
-0.00321364
-0.00406835
-0.00482276
-0.0054588
-0.00596048
-0.00631668
-0.00651797
-0.00655988
-0.00644155
-0.00616735
-0.00574058
-0.00517482
-0.00448406
-0.00368386
-0.00279493
-0.00183786
-0.000837678
0.000182696
0.00119696
0.00218134
0.00311113
0.00396465
0.0047199
0.00535952
0.00586749
0.00623196
0.0064438
0.00649831
0.0063935
0.00613293
0.00572289
0.00517368
0.00449856
0.00371408
0.00284
0.00189686
0.000909257
-0.000100311
-0.00110637
-0.0020842
-0.00301032
-0.00386207
-0.00461822
-0.0052618
-0.00577559
-0.00614792
-0.00637012
-0.00643737
-0.00634517
-0.00609943
-0.00570539
-0.00517141
-0.00451238
-0.00374367
-0.00288407
-0.00195514
-0.000979273
1.87791e-05
0.00101668
0.0019886
0.0029105
0.0037609
0.00451827
0.00516452
0.00568453
0.00606547
0.00629668
0.00637469
0.00629714
0.00606568
0.00568655
0.00516842
0.00452512
0.00377146
0.00292688
0.0020115
0.00104876
5.94856e-05
-0.000929331
-0.00189434
-0.00281273
-0.00366116
-0.00441925
-0.00506882
-0.00559423
-0.00598255
-0.00622443
-0.00631386
-0.00624892
-0.00603177
-0.00566744
-0.005165
-0.00453716
-0.00379861
-0.00296856
-0.00206641
-0.0011152
-0.000137147
0.000843288
0.00180198
0.00271598
0.00356278
0.00432141
0.00497432
0.00550461
0.00590054
0.00615196
0.0062527
0.00620083
0.00599771
0.00564782
0.00516075
0.00454697
0.00382469
0.00300883
0.00212017
0.00118097
0.000213153
-0.000758616
-0.00171075
-0.0026207
-0.0034658
-0.00422551
-0.00488082
-0.00541622
-0.00581964
-0.00608017
-0.00619229
-0.00615248
-0.00596301
-0.00562795
-0.00515581
-0.0045583
-0.0038498
-0.00304822
-0.00217291
-0.00124505
-0.000287866
0.000675456
0.00162152
0.00252683
0.0033699
0.00413108
0.00478813
0.00532898
0.00573935
0.0060086
0.00613162
0.00610455
0.00592844
0.00560753
0.00515014
0.00456827
0.00387391
0.00308603
0.00222387
0.00130793
0.000361039
-0.000593748
-0.00153324
-0.00243481
-0.00327552
-0.00403561
-0.00469659
-0.0052423
-0.00565939
-0.00593796
-0.00607133
-0.00605649
-0.00589292
-0.00558674
-0.00514412
-0.00457604
-0.00389677
-0.00312294
-0.00227379
-0.00136974
-0.000432765
0.000513423
0.00144639
0.00234341
0.00318234
0.00394258
0.00460595
0.0051566
0.00558023
0.00586761
0.00601136
0.00600806
0.00585823
0.00556547
0.00513735
0.00458378
0.0039189
0.00315893
0.00232238
0.00142992
0.000503497
-0.00043458
-0.00136101
-0.00225341
-0.0030904
-0.00385065
-0.00451626
-0.0050713
-0.00550185
-0.00579761
-0.00595141
-0.00596008
-0.00582286
-0.00554414
-0.00512948
-0.00459065
-0.00393989
-0.00319309
-0.00236998
-0.00148907
-0.000572573
0.000356928
0.00127702
0.00216486
0.00299935
0.00375971
0.00442762
0.0049865
0.00542387
0.00572789
0.00589201
0.00591206
0.00578751
0.00552212
0.00512157
0.00459672
0.00396011
0.00322712
0.00241607
0.00154688
0.000640777
-0.000280609
-0.00119399
-0.00207785
-0.00290962
-0.00366986
-0.00433913
-0.00490327
-0.00534649
-0.00565858
-0.0058308
-0.00586373
-0.00575244
-0.00549933
-0.00511299
-0.00460205
-0.00397798
-0.00325972
-0.00246094
-0.00160343
-0.000707039
0.000205459
0.00111273
0.00199155
0.00282106
0.00358124
0.00425311
0.00482033
0.00526972
0.00558983
0.00577339
0.0058155
0.00571576
0.00547641
0.00510373
0.00460669
0.00399761
0.00329136
0.00250502
0.00165868
0.000772286
-0.00013197
-0.00103242
-0.00190655
-0.00273378
-0.00349331
-0.00416702
-0.00473842
-0.00519339
-0.00552121
-0.00571426
-0.00576785
-0.00567964
-0.00545305
-0.00509391
-0.00461046
-0.00401491
-0.0033219
-0.00254803
-0.00171296
-0.000836515
5.93582e-05
0.000953175
0.00182276
0.00264753
0.0034066
0.00408178
0.00465689
0.00511781
0.00545321
0.00565562
0.00571922
0.00564329
0.00542957
0.00508351
0.00461354
0.00403144
0.00335148
0.00258979
0.00176594
0.000899518
1.18971e-05
-0.000875493
-0.00174041
-0.0025619
-0.00332073
-0.00399772
-0.00457625
-0.0050428
-0.00538569
-0.00559685
-0.00567129
-0.00560664
-0.00540558
-0.00507243
-0.00461581
-0.00404709
-0.00337978
-0.00263067
-0.00181785
-0.000961174
-8.23703e-05
0.000798654
0.00165881
0.00247808
0.00323729
0.00391427
0.00449631
0.00496837
0.00531822
0.00553827
0.00562263
0.00556993
0.00538101
0.00506108
0.00461785
0.00406184
0.00340693
0.00267037
0.00186804
0.00102183
0.00015087
-0.000723122
-0.00157831
-0.00239506
-0.00315229
-0.00383155
-0.00441697
-0.00489404
-0.00525205
-0.00547992
-0.00557431
-0.00553299
-0.00535637
-0.0050487
-0.0046185
-0.00407596
-0.00343196
-0.00270881
-0.00191822
-0.00108118
-0.00021801
0.000649025
0.00149948
0.00231273
0.0030691
0.00374999
0.00433835
0.00482054
0.00518456
0.0054217
0.00552633
0.00549591
0.0053311
0.00503648
0.00461904
0.00408904
0.00345968
0.0027467
0.00196672
0.0011395
0.000285124
-0.000575487
-0.00142147
-0.00223196
-0.00298732
-0.00366889
-0.00426043
-0.00474752
-0.00511811
-0.00536328
-0.00547803
-0.00545868
-0.00530518
-0.00502351
-0.00461861
-0.00410161
-0.00348475
-0.00278301
-0.0020139
-0.00119676
-0.000350648
0.000503343
0.00134417
0.00215144
0.0029059
0.00358872
0.00418309
0.00467503
0.00505226
0.00530612
0.00542997
0.00542091
0.00527993
0.0050102
0.0046177
0.00411323
0.00350841
0.00281861
0.00206104
0.00125289
0.000415423
-0.000432044
-0.00126803
-0.00207251
-0.00282574
-0.00350924
-0.00410641
-0.00460314
-0.00498651
-0.00524835
-0.00538161
-0.00538341
-0.00525374
-0.00499562
-0.00461615
-0.004124
-0.00353154
-0.00285327
-0.00210652
-0.00130754
-0.000477561
0.000362231
0.00119306
0.00199406
0.00274625
0.00343005
0.00403027
0.00453139
0.00492134
0.00519056
0.00533336
0.00534533
0.00522706
0.00498117
0.00461361
0.00413408
0.00355363
0.00288687
0.00215059
0.00136174
0.000540627
-0.000293305
-0.00111906
-0.00191716
-0.00266786
-0.00335243
-0.00395444
-0.00446032
-0.00485632
-0.00513337
-0.00528493
-0.00530736
-0.00520027
-0.00496602
-0.00461084
-0.00414316
-0.00357491
-0.00291962
-0.0021943
-0.0014152
-0.000601867
0.000225205
0.00104581
0.00184075
0.00258983
0.00327531
0.0038798
0.00439056
0.00479156
0.00507617
0.00523671
0.00526948
0.00517321
0.00495066
0.00460728
0.00415188
0.00359546
0.00295169
0.00223621
0.00146668
0.000662105
-0.000158559
-0.000973974
-0.00176543
-0.00251293
-0.00319866
-0.00380548
-0.00431954
-0.00472779
-0.00501925
-0.00518841
-0.00523114
-0.00514522
-0.00493449
-0.00460567
-0.00415962
-0.00361518
-0.00298229
-0.00227752
-0.00151757
-0.00072116
9.2509e-05
0.000903008
0.00169221
0.00243684
0.00312287
0.00373195
0.00424956
0.00466307
0.00496225
0.00514015
0.00519236
0.00511757
0.00491831
0.00459875
0.00416678
0.00363391
0.00301328
0.00231815
0.0015675
0.000780213
-2.75501e-05
-0.00083281
-0.00161728
-0.00236156
-0.00304807
-0.00365899
-0.00418035
-0.00459938
-0.00490552
-0.00509175
-0.00515349
-0.00508951
-0.00490098
-0.00459313
-0.00417345
-0.00365174
-0.0030417
-0.0023575
-0.00161652
-0.000836339
-3.65352e-05
0.000763613
0.0015448
0.00228707
0.00297352
0.0035865
0.00411148
0.00453569
0.00484881
0.00504335
0.00511476
0.00506111
0.00488325
0.00458705
0.00417889
0.00366901
0.00306977
0.00239623
0.00166435
0.000892571
9.95252e-05
-0.000695202
-0.00147257
-0.00221344
-0.00289982
-0.0035144
-0.00404312
-0.00447246
-0.00479234
-0.00499511
-0.00507549
-0.00503108
-0.00486566
-0.00458084
-0.00418388
-0.00368562
-0.00309732
-0.00243378
-0.00171145
-0.000948358
-0.000161674
0.00062797
0.00140157
0.00214039
0.00282658
0.00344288
0.00397505
0.00440951
0.00473661
0.0049465
0.00503652
0.00500303
0.00484757
0.00457383
0.0041887
0.00370129
0.00312412
0.00246869
0.00175766
0.00100229
0.00022288
-0.0005615
-0.00133136
-0.00206825
-0.00275403
-0.00337205
-0.00390748
-0.00434674
-0.00467997
-0.00489845
-0.00499707
-0.00497373
-0.00482879
-0.00456613
-0.00419376
-0.0037161
-0.00314961
-0.00250671
-0.00180279
-0.00105574
-0.000283182
0.000495797
0.00126205
0.00199669
0.00268197
0.00330173
0.00384026
0.00428442
0.00462388
0.00485001
0.00495755
0.00494407
0.00480967
0.00455763
0.00419535
0.00373032
0.00317464
0.00254147
0.00184656
0.00110844
0.00034238
-0.00043111
-0.00119333
-0.00192604
-0.00261107
-0.00323211
-0.00377359
-0.00422196
-0.00456797
-0.0048018
-0.00491804
-0.00491403
-0.00479015
-0.00454936
-0.00419758
-0.00374377
-0.00319871
-0.00257596
-0.00189043
-0.00115949
-0.000400568
0.000367139
0.00112542
0.001856
0.00254077
0.00316283
0.00370731
0.00416059
0.00451228
0.00475334
0.00487809
0.00488404
0.00477033
0.00454004
0.00419925
0.00375646
0.00322176
0.00260924
0.00193294
0.00121031
0.000458086
-0.000304147
-0.00105886
-0.00178645
-0.00247099
-0.00309397
-0.00364141
-0.00409909
-0.00445654
-0.00470512
-0.00483823
-0.00485388
-0.0047501
-0.00453053
-0.00420039
-0.00376856
-0.0032443
-0.00264138
-0.00197457
-0.00125992
-0.000514994
0.00024161
0.000992002
0.00171822
0.0024016
0.00302578
0.0035756
0.00403796
0.00440078
0.00465775
0.00479814
0.00482246
0.00472907
0.0045192
0.0042008
0.00377975
0.00326607
0.00267283
0.00201518
0.00130877
0.000570159
-0.000180547
-0.000927202
-0.00165045
-0.0023331
-0.00295815
-0.00351055
-0.00397671
-0.00434597
-0.00460837
-0.00475817
-0.00479067
-0.00470792
-0.00450941
-0.00420093
-0.00379025
-0.00328706
-0.00270402
-0.00205524
-0.00135688
-0.0006258
0.000120063
0.000862953
0.00158323
0.00226518
0.00289101
0.00344578
0.0039161
0.00429077
0.00455986
0.00471777
0.00476016
0.0046865
0.00449822
0.00420053
0.0038001
0.00330704
0.00273399
0.00209462
0.00140402
0.000679765
-6.04347e-05
-0.000798715
-0.00151703
-0.00219959
-0.00282423
-0.00338152
-0.00385586
-0.00423549
-0.00451158
-0.00467717
-0.0047286
-0.00466473
-0.00448637
-0.00419904
-0.00380936
-0.00332708
-0.00276304
-0.00213217
-0.00145035
-0.000733091
1.4675e-06
0.000735416
0.00145122
0.00213109
0.002758
0.00331764
0.00379555
0.00418039
0.00446317
0.00463673
0.00469688
0.00464219
0.00447316
0.00419718
0.0038177
0.00334539
0.00279107
0.00217003
0.00149581
0.000785702
5.61936e-05
-0.000673195
-0.00138602
-0.00206437
-0.0026921
-0.00325404
-0.00373565
-0.00412578
-0.00441492
-0.0045961
-0.00466471
-0.00461944
-0.00446166
-0.00419486
-0.00382632
-0.00336321
-0.00281917
-0.00220653
-0.00154031
-0.00083677
-0.000114072
0.000611827
0.00132123
0.00199917
0.00262721
0.00319069
0.00367607
0.00407111
0.00436647
0.00455541
0.00463252
0.00459655
0.00444863
0.00419167
0.00383298
0.00338028
0.0028463
0.00224226
0.00158431
0.000887986
0.000170778
-0.000550652
-0.00125792
-0.00193438
-0.00256238
-0.00312806
-0.00361656
-0.00401657
-0.00431872
-0.00451403
-0.00459977
-0.0045732
-0.00443472
-0.00418812
-0.00383946
-0.00339687
-0.00287206
-0.00227739
-0.00162703
-0.000937734
-0.000226283
0.000490615
0.0011951
0.00186991
0.00249828
0.00306545
0.00355735
0.00396212
0.00426973
0.00447329
0.00456712
0.00454953
0.00442122
0.00418403
0.00384523
0.00341292
0.00289751
0.0023116
0.00166968
0.000987448
0.000281539
-0.000430716
-0.00113281
-0.00180574
-0.0024345
-0.0030032
-0.00349862
-0.003908
-0.00422149
-0.00443216
-0.00453432
-0.00452536
-0.00440612
-0.00417913
-0.00384963
-0.00342828
-0.00292193
-0.00234475
-0.00171074
-0.00103548
-0.000335656
0.000372189
0.00107073
0.00174242
0.00237119
0.00294172
0.00343994
0.00385383
0.00417359
0.00439081
0.00450096
0.00450115
0.00439078
0.00417404
0.00385537
0.00344247
0.00294638
0.0023775
0.0017518
0.00108364
0.000389195
-0.000314334
-0.00100948
-0.00167984
-0.00230812
-0.00288034
-0.00338167
-0.00379975
-0.0041252
-0.00434944
-0.00446748
-0.00447627
-0.00437573
-0.00416854
-0.00385943
-0.00345625
-0.002969
-0.00240966
-0.00179204
-0.00113038
-0.00044207
0.000256877
0.000948839
0.00161772
0.0022458
0.00282073
0.00332341
0.00374607
0.00407696
0.00430799
0.00443275
0.00445111
0.00435979
0.00416214
0.00386291
0.00346935
0.00299152
0.00244071
0.00183044
0.00117653
0.000494134
-0.000200109
-0.000888951
-0.00155566
-0.00218405
-0.00275864
-0.00326512
-0.00369289
-0.00402871
-0.00426659
-0.00439972
-0.00442582
-0.00434347
-0.00415539
-0.00386557
-0.00348196
-0.00301315
-0.00247126
-0.00186933
-0.00122204
-0.000545397
0.000144195
0.000829639
0.0014946
0.00212271
0.0026985
0.00320796
0.00363878
0.00398051
0.00422518
0.00436585
0.00440004
0.00432672
0.00414782
0.00386782
0.00349376
0.00303412
0.00250088
0.00190693
0.00126672
0.000596103
-8.8927e-05
-0.000770807
-0.0014339
-0.00206155
-0.00263836
-0.00315064
-0.00358525
-0.00393238
-0.00418333
-0.0043313
-0.00437283
-0.00430962
-0.0041403
-0.00386964
-0.00350468
-0.00305458
-0.0025302
-0.00194382
-0.00131084
-0.000646012
3.40446e-05
0.000713234
0.00137425
0.00200141
0.00258024
0.00309333
0.00353208
0.00388422
0.00414115
0.00429693
0.00434765
0.00429211
0.00413193
0.00387084
0.00351522
0.00307408
0.00255815
0.00198007
0.00135377
0.000695168
1.97965e-05
-0.00065577
-0.00131455
-0.00194081
-0.00251984
-0.00303683
-0.00347898
-0.00383613
-0.00409918
-0.00426226
-0.00432022
-0.00427423
-0.004123
-0.00387124
-0.00352514
-0.00309302
-0.00258552
-0.00201536
-0.00139714
-0.00074389
-7.38281e-05
0.000598129
0.00125565
0.00188157
0.00246089
0.00298004
0.00342604
0.00378821
0.00405714
0.00422728
0.00429409
0.00425583
0.00411372
0.00387147
0.00353399
0.00311112
0.00261256
0.00205023
0.00143829
0.000792016
0.000126061
-0.000542428
-0.00119733
-0.00182203
-0.00240214
-0.00292361
-0.00337324
-0.0037398
-0.00401521
-0.00419231
-0.00426687
-0.00423726
-0.00410406
-0.0038707
-0.00354292
-0.00312844
-0.00263851
-0.00208407
-0.00147942
-0.000838801
-0.000177892
0.000486804
0.00113934
0.00176367
0.00234441
0.00286644
0.00332067
0.003692
0.00397321
0.00415684
0.00423943
0.00421785
0.00409369
0.00386936
0.00355106
0.00314643
0.00266405
0.00211791
0.00151981
0.000884989
0.000228672
-0.00043198
-0.00108208
-0.00170514
-0.00228637
-0.00281155
-0.00326817
-0.00364397
-0.00393105
-0.00412158
-0.00421143
-0.00419858
-0.00408315
-0.00386789
-0.00355837
-0.00316228
-0.00268904
-0.00215026
-0.00155952
-0.000931119
-0.000280026
0.000377291
0.00102511
0.00164729
0.00222927
0.00275598
0.00321559
0.00359602
0.00388871
0.00408578
0.00418349
0.00417859
0.00407197
0.00386573
0.00356526
0.00318065
0.0027127
0.0021823
0.00159841
0.000976376
0.000330094
-0.000323351
-0.000968762
-0.00159014
-0.0021722
-0.00270089
-0.00316323
-0.00354829
-0.0038461
-0.00405024
-0.00415507
-0.00415856
-0.00406018
-0.00386298
-0.00357154
-0.00319297
-0.00273667
-0.00221362
-0.00163679
-0.00102063
-0.000379738
0.000270206
0.000913019
0.00153314
0.00211545
0.00264571
0.0031113
0.00349927
0.00380231
0.00401435
0.00412665
0.00413823
0.00404848
0.00385969
0.00357705
0.00320719
0.00275926
0.00224416
0.00167507
0.00106435
0.000428425
-0.000217186
-0.000857343
-0.00147654
-0.00205906
-0.00259095
-0.0030594
-0.00345323
-0.00376134
-0.00397815
-0.00409767
-0.00411694
-0.0040358
-0.00385595
-0.00358239
-0.00322283
-0.00278132
-0.00227418
-0.00171305
-0.00110755
-0.000476861
0.000165208
0.000802793
0.00142055
0.00200299
0.00253646
0.00300752
0.00340487
0.0037189
0.00394195
0.0040686
0.0040956
0.00402298
0.00385164
0.00358655
0.00323423
0.00280279
0.00230332
0.00174771
0.00115007
0.000524603
-0.00011366
-0.000748713
-0.00136459
-0.00194726
-0.00248203
-0.00295594
-0.003357
-0.00367636
-0.00390539
-0.00403915
-0.00407398
-0.00400849
-0.00384694
-0.00359078
-0.00324671
-0.00282369
-0.0023321
-0.00178384
-0.00119188
-0.000571546
6.24274e-05
0.000694773
0.00130955
0.00189201
0.00242791
0.00290433
0.00330972
0.00363374
0.00386918
0.00400949
0.00405188
0.00399556
0.00384176
0.00359413
0.00325861
0.00284387
0.00235977
0.00181868
0.00123313
0.000617888
-1.20762e-05
-0.000641289
-0.00125502
-0.00183691
-0.00237417
-0.00285289
-0.00326209
-0.0035911
-0.00383206
-0.00397934
-0.00402926
-0.00398138
-0.00383582
-0.00359681
-0.0032699
-0.00286341
-0.00238702
-0.00185292
-0.00127349
-0.000663836
-3.84304e-05
0.000588448
0.00120035
0.00178239
0.00232103
0.00280184
0.00321444
0.00354816
0.00379499
0.0039495
0.00400718
0.00396691
0.00383115
0.00359992
0.00328038
0.00288237
0.00241384
0.00188712
0.00131483
0.000709027
8.72513e-05
-0.000536208
-0.00114635
-0.00172819
-0.00226756
-0.002751
-0.00316709
-0.00350549
-0.00375785
-0.00391882
-0.00398407
-0.00395156
-0.00382316
-0.00360075
-0.00329054
-0.00290074
-0.00243977
-0.00192005
-0.00135319
-0.000753863
-0.000135914
0.000484672
0.00109315
0.00167407
0.00221396
0.00270017
0.00311986
0.0034629
0.00372114
0.00388843
0.00396052
0.00393616
0.0038162
0.00360215
0.00330042
0.00291872
0.00246528
0.00195212
0.00139205
0.000797631
0.000184252
-0.000433529
-0.00103983
-0.00162064
-0.00216061
-0.00264967
-0.00307241
-0.0034196
-0.00368323
-0.00385761
-0.00393634
-0.00392042
-0.00380848
-0.0036025
-0.00330937
-0.00293557
-0.00249056
-0.00198371
-0.00142942
-0.000841648
-0.000232286
0.000382503
0.000987016
0.0015673
0.00210901
0.0025992
0.00302496
0.00337676
0.0036463
0.0038264
0.0039131
0.0039039
0.00379979
0.00360254
0.00331797
0.00295195
0.00251451
0.00201569
0.00146744
0.000883945
0.000279297
-0.000331764
-0.000934697
-0.00151444
-0.0020535
-0.00254858
-0.0029775
-0.00333548
-0.00360897
-0.00379509
-0.00388907
-0.00388805
-0.00379122
-0.00360221
-0.00332581
-0.0029675
-0.00253872
-0.00204617
-0.00150425
-0.000926229
-0.000326186
0.000281818
0.000883385
0.00146179
0.00200406
0.00249878
0.00293074
0.00329148
0.00357131
0.00376393
0.0038646
0.00387086
0.0037825
0.00360139
0.00333306
0.00298374
0.00256071
0.00207603
0.0015406
0.000968356
0.00037195
-0.000232876
-0.000831742
-0.00140954
-0.00195308
-0.00244828
-0.00288385
-0.0032483
-0.00353343
-0.00373205
-0.00383991
-0.00385322
-0.00377443
-0.00360013
-0.0033396
-0.00299795
-0.00258307
-0.00210565
-0.00157634
-0.00100913
-0.000417577
0.000183775
0.000781104
0.00135808
0.00190166
0.00239815
0.00283661
0.00320514
0.00349564
0.00370041
0.00381514
0.00383546
0.00376274
0.00359834
0.00334574
0.00301174
0.00260504
0.00213372
0.00161119
0.00104969
0.000462989
-0.000134939
-0.000729894
-0.00130597
-0.00184997
-0.00234875
-0.00278996
-0.00316242
-0.00345713
-0.00366792
-0.00378934
-0.00381705
-0.00375231
-0.00359573
-0.00335107
-0.0030258
-0.00262593
-0.00216234
-0.00164585
-0.00109195
-0.00050717
8.76374e-05
0.000679986
0.00125461
0.00179907
0.0022995
0.00274308
0.00311904
0.0034196
0.00363541
0.00376357
0.00379924
0.00374165
0.00359276
0.00335638
0.00303751
0.00264657
0.00218967
0.00167986
0.001129
0.000551021
-3.99941e-05
-0.000629716
-0.00120408
-0.00174857
-0.0022499
-0.00269619
-0.00307623
-0.00338121
-0.00360415
-0.0037375
-0.00378033
-0.00373044
-0.0035894
-0.00336095
-0.00305185
-0.00266612
-0.00221678
-0.00171309
-0.00116779
-0.00059469
-6.65207e-06
0.000580881
0.0011531
0.00169881
0.00220091
0.00264981
0.00303253
0.00334277
0.00357098
0.00371121
0.00376054
0.00371859
0.00358453
0.00336542
0.0030626
0.00268572
0.00224321
0.00174636
0.0012064
0.000637282
5.32192e-05
-0.000533436
-0.00110327
-0.00164791
-0.00215191
-0.00260409
-0.0029906
-0.00330454
-0.00353821
-0.00368523
-0.00374153
-0.00370692
-0.00358142
-0.00336867
-0.00307494
-0.00270439
-0.00226862
-0.00177784
-0.00124405
-0.000680104
-9.93087e-05
0.000483258
0.00105396
0.00159774
0.00210306
0.00255681
0.00294728
0.00326726
0.00350519
0.00365778
0.00372181
0.00369379
0.00357693
0.00337291
0.00308493
0.00272183
0.00229354
0.00180934
0.0012815
0.000721585
0.000145037
-0.000435203
-0.00100406
-0.00154834
-0.00205466
-0.00250995
-0.00290405
-0.00322776
-0.00347194
-0.00363101
-0.00370111
-0.00368158
-0.00357177
-0.00337421
-0.00309531
-0.00274013
-0.00231806
-0.0018404
-0.00131846
-0.000762579
-0.000189747
0.00038784
0.000954957
0.00149904
0.00200746
0.00246418
0.00286175
0.00318859
0.00343845
0.00360299
0.00368094
0.00366788
0.00356583
0.00337649
0.00310451
0.00275715
0.00234257
0.00187184
0.00135377
0.000804178
0.000234828
-0.000340093
-0.000906187
-0.00144959
-0.00195803
-0.00241779
-0.00282008
-0.00315024
-0.00340483
-0.00357604
-0.00365944
-0.00365427
-0.003559
-0.0033777
-0.00311371
-0.00277376
-0.00236598
-0.00190085
-0.00138944
-0.00084426
-0.00027874
0.000293035
0.000857479
0.00140089
0.00190961
0.00237231
0.002776
0.00311152
0.0033713
0.00354819
0.00363857
0.00364023
0.00355293
0.00337848
0.00312317
0.00279028
0.00238897
0.0019293
0.0014248
0.000884468
0.000322187
-0.000247099
-0.000809565
-0.00135157
-0.00186178
-0.00232583
-0.00273259
-0.00307243
-0.00333818
-0.00352041
-0.00361715
-0.00362564
-0.00354624
-0.00337944
-0.00313038
-0.00280509
-0.00241238
-0.00195853
-0.00145895
-0.000924117
-0.000366019
0.000200983
0.000762694
0.00130451
0.00181433
0.0022821
0.00268981
0.00303377
0.00330338
0.00349224
0.00359556
0.0036111
0.00353803
0.00337943
0.00313795
0.00281986
0.00243337
0.00198682
0.00149249
0.000961991
0.000408687
-0.0001552
-0.000714289
-0.00125633
-0.00176617
-0.00223433
-0.00264693
-0.00299494
-0.00326827
-0.00346324
-0.0035733
-0.00359558
-0.00353041
-0.00337875
-0.00314504
-0.00283438
-0.00245389
-0.00201503
-0.00152606
-0.00100074
-0.000450644
0.000109967
0.000667282
0.00120832
0.00171965
0.00218858
0.00260384
0.00295615
0.00323479
0.00343447
0.00355072
0.00358041
0.00352229
0.00337794
0.00315138
0.00284621
0.00247463
0.0020418
0.00155893
0.00103832
0.000492274
-6.53835e-05
-0.000620491
-0.00116117
-0.00167397
-0.00214331
-0.00256113
-0.00291651
-0.00319976
-0.00340634
-0.00352817
-0.00356406
-0.00351349
-0.00337638
-0.00315767
-0.00286098
-0.00249498
-0.00206757
-0.00159143
-0.0010756
-0.000534038
2.0447e-05
0.000573967
0.00111558
0.00162578
0.00209738
0.00251804
0.00287765
0.00316566
0.00337664
0.00350501
0.00354797
0.00350384
0.00337449
0.0031622
0.00287374
0.00251477
0.00209427
0.00162312
0.00111261
0.000574597
2.31936e-05
-0.00052842
-0.00106667
-0.00157874
-0.00205092
-0.00247431
-0.00283771
-0.00313134
-0.00334807
-0.00348224
-0.00353099
-0.00349447
-0.00337207
-0.00316753
-0.00288547
-0.00253372
-0.00211983
-0.00165424
-0.00114851
-0.000615621
-6.71433e-05
0.000482596
0.00102041
0.00153237
0.00200702
0.00243257
0.00280124
0.00309592
0.00331772
0.00345799
0.00351428
0.003484
0.00336875
0.0031723
0.00289806
0.0025506
0.00214476
0.00168512
0.00118438
0.000654957
0.000110021
-0.00043858
-0.000973925
-0.0014884
-0.00196219
-0.00238981
-0.00275953
-0.00306158
-0.00328766
-0.00343455
-0.0034969
-0.0034739
-0.00336572
-0.003176
-0.00290865
-0.0025695
-0.00216882
-0.00171546
-0.00121987
-0.000694939
-0.000152827
0.000392415
0.000927726
0.00144039
0.00191779
0.0023474
0.00272051
0.00302612
0.00325783
0.00341016
0.00347916
0.00346273
0.00336255
0.00317896
0.00291898
0.00258779
0.00219289
0.001744
0.00125475
0.00073532
0.000195343
-0.000347437
-0.000881894
-0.00139462
-0.00187267
-0.00230438
-0.00268106
-0.00299095
-0.00322773
-0.00338571
-0.00346139
-0.00345167
-0.00335808
-0.00318242
-0.00292728
-0.00260426
-0.00221642
-0.00177422
-0.00129188
-0.000772295
-0.000237167
0.000303584
0.000836087
0.00134905
0.00182769
0.00226249
0.00264115
0.00295518
0.00319752
0.0033607
0.00344293
0.00343945
0.00335294
0.00318526
0.00293887
0.00262159
0.00223956
0.0018011
0.00132273
0.000810539
0.000279149
-0.00025955
-0.000791338
-0.00130333
-0.00178367
-0.00221966
-0.00260173
-0.0029204
-0.00316671
-0.0033363
-0.00342361
-0.00342733
-0.00334818
-0.00318698
-0.00294771
-0.00263708
-0.00226366
-0.00183101
-0.00135583
-0.00084815
-0.000319532
0.000215643
0.000746431
0.00125826
0.00173862
0.00217752
0.00256261
0.00288441
0.003136
0.00331076
0.00340511
0.00341578
0.00334276
0.00318649
0.00295661
0.00265219
0.00228315
0.00185689
0.00138862
0.000885545
0.000360577
-0.00017268
-0.000701557
-0.00121303
-0.00169511
-0.00213485
-0.00252285
-0.00284881
-0.00310509
-0.00328562
-0.00338494
-0.0034032
-0.00333824
-0.00318929
-0.00296589
-0.00266689
-0.00230464
-0.00188572
-0.00142171
-0.000922254
-0.00040135
0.000129734
0.00065716
0.00116859
0.0016507
0.00209269
0.00248327
0.00281357
0.00307406
0.00325966
0.0033659
0.00338948
0.00333026
0.00319034
0.00297161
0.00268175
0.00232533
0.00191243
0.00145307
0.000958727
0.000440904
-8.72031e-05
-0.000613055
-0.0011238
-0.00160721
-0.00205064
-0.00244367
-0.0027768
-0.00304271
-0.00323383
-0.00334654
-0.0033763
-0.00332385
-0.00318995
-0.0029788
-0.00269511
-0.00234505
-0.00193926
-0.00148463
-0.000994329
-0.000480773
4.54558e-05
0.000569578
0.00107961
0.00156386
0.00200859
0.00240428
0.00274151
0.00301163
0.00320949
0.00332524
0.00336084
0.0033165
0.00318983
0.00298556
0.00270823
0.00236507
0.00196408
0.00151489
0.00103016
0.000519384
-3.28046e-06
-0.000525819
-0.00103556
-0.00151933
-0.00196718
-0.00236476
-0.00270515
-0.00297988
-0.00318102
-0.00330479
-0.00334814
-0.00330897
-0.00318904
-0.00299209
-0.00272102
-0.0023842
-0.00198979
-0.00154549
-0.00106517
-0.000558188
-3.79537e-05
0.000482601
0.000992052
0.00147599
0.0019244
0.00232515
0.00266848
0.00294808
0.00315444
0.00328409
0.00333468
0.00330075
0.00318805
0.00299715
0.00273278
0.00240302
0.00201392
0.00157588
0.00109974
0.000596484
7.82633e-05
-0.000440301
-0.000948051
-0.00143291
-0.00188228
-0.00228579
-0.00263327
-0.00291568
-0.00312781
-0.00326251
-0.00331752
-0.00329253
-0.0031865
-0.00300251
-0.00274531
-0.00242135
-0.00203796
-0.00160557
-0.00113351
-0.000634367
-0.000120441
0.00039729
0.000904369
0.00138959
0.00184149
0.00224599
0.00259697
0.00288387
0.00310061
0.0032413
0.0033023
0.00328364
0.00318422
0.00300675
0.00275687
0.00243889
0.00206151
0.00163435
0.00116727
0.000671438
0.000159916
-0.000355059
-0.000861551
-0.00134562
-0.00179886
-0.00220692
-0.00256153
-0.00285175
-0.00307313
-0.00321964
-0.00328703
-0.00327449
-0.00318147
-0.00301068
-0.0027671
-0.00245574
-0.00208492
-0.00166298
-0.00119988
-0.000708962
-0.000202684
0.000313129
0.000817612
0.00130382
0.00175706
0.00216744
0.00252433
0.00281951
0.00304533
0.00319738
0.00327081
0.00326458
0.00317874
0.00301557
0.00277775
0.0024718
0.00210747
0.00169091
0.00123349
0.000745528
0.000241502
-0.00027043
-0.000776221
-0.00126141
-0.00171472
-0.00212737
-0.00248789
-0.00278672
-0.00301803
-0.00317534
-0.00325479
-0.00325492
-0.00317457
-0.00301799
-0.00278746
-0.00248884
-0.0021297
-0.00171848
-0.00126461
-0.0007816
-0.000279415
0.000229851
0.000733167
0.00121907
0.00167417
0.00208836
0.00245117
0.00275512
0.00299024
0.00315225
0.00323792
0.00324434
0.00317133
0.00302113
0.00279658
0.00250467
0.00215096
0.00174454
0.00129724
0.000817748
0.000318342
-0.000189407
-0.000691339
-0.00117636
-0.00163258
-0.00204893
-0.00241491
-0.00272146
-0.00296199
-0.00312967
-0.00322086
-0.00323302
-0.00316684
-0.00302338
-0.00280572
-0.00251999
-0.00217259
-0.00177189
-0.00132902
-0.000853121
-0.000354507
0.00014831
0.00064915
0.00113388
0.00159114
0.00200943
0.00237825
0.00268852
0.00293348
0.00310648
0.0032035
0.00322079
0.00316217
0.00302554
0.00281465
0.00253641
0.00219332
0.001798
0.00135982
0.00088817
0.000394806
-0.000107599
-0.000607718
-0.00109224
-0.00155045
-0.00196977
-0.00234125
-0.00265608
-0.00290494
-0.00308282
-0.00318582
-0.00321072
-0.00315719
-0.00302686
-0.00282166
-0.00254852
-0.00221388
-0.00182409
-0.00139004
-0.000922548
-0.000429451
6.74206e-05
0.000566132
0.00105057
0.00150887
0.00193074
0.00230438
0.00262228
0.00287563
0.00305932
0.00316817
0.00319944
0.00315165
0.00302715
0.00282962
0.00256273
0.00223308
0.00184897
0.00142033
0.000956528
0.000470336
-2.75212e-05
-0.00052478
-0.00100871
-0.00146802
-0.00189119
-0.00226806
-0.00258914
-0.00284701
-0.00303582
-0.00314952
-0.00318736
-0.00314596
-0.00302775
-0.00283731
-0.00257551
-0.00225274
-0.00187404
-0.0014502
-0.000990653
-0.000507493
-1.17449e-05
0.000483692
0.000968027
0.00142702
0.00185168
0.00223169
0.00255612
0.00281848
0.00301126
0.00313105
0.003174
0.0031392
0.00302949
0.00284316
0.0025885
0.00227111
0.00189809
0.00147914
0.00102165
0.000544222
5.13943e-05
-0.000443179
-0.000925945
-0.00138654
-0.00181281
-0.00219429
-0.00252237
-0.00278893
-0.00298681
-0.00311214
-0.00316086
-0.00313204
-0.00302724
-0.00284957
-0.00260153
-0.00228973
-0.00192228
-0.00150764
-0.00105706
-0.000580775
-9.02646e-05
0.000402499
0.000884798
0.00134623
0.00177292
0.00215796
0.00248885
0.0027595
0.00296273
0.00309285
0.0031481
0.00312531
0.00302712
0.00285515
0.00261326
0.00230744
0.00194558
0.00153558
0.00108952
0.000616867
0.000128663
-0.000361854
-0.000843916
-0.00130485
-0.00173454
-0.00212126
-0.00245536
-0.00272981
-0.00293761
-0.00307342
-0.00313446
-0.00311818
-0.00302654
-0.00285993
-0.00262404
-0.0023249
-0.00196946
-0.00156391
-0.00112194
-0.000652282
-0.000166999
0.000322229
0.000803247
0.00126498
0.00169473
0.00208394
0.00242155
0.00270044
0.00291242
0.0030535
0.00311902
0.00311015
0.00302452
0.00286501
0.00263542
0.00234181
0.00199075
0.00159162
0.00115385
0.000687483
0.000204915
-0.000279676
-0.000762968
-0.00122609
-0.00165562
-0.00204703
-0.00238752
-0.00267091
-0.00288696
-0.00303142
-0.00310569
-0.0031019
-0.00302254
-0.00286952
-0.00264632
-0.00235848
-0.00201294
-0.00161884
-0.00118528
-0.000722313
-0.000242036
0.000243477
0.000722666
0.00118431
0.00161706
0.0020101
0.00235345
0.00264026
0.00286141
0.00301303
0.00309089
0.00309319
0.00302
0.00287033
0.00265522
0.00237442
0.00203382
0.00164502
0.00121678
0.000756919
0.000280161
-0.000204062
-0.000681826
-0.00114414
-0.00157809
-0.00197364
-0.00232013
-0.00260937
-0.00283567
-0.00299076
-0.00307588
-0.0030845
-0.00301721
-0.00287678
-0.00266604
-0.00238984
-0.00205581
-0.00167182
-0.00124612
-0.000790919
-0.000316833
0.000165065
0.000642559
0.00110448
0.00153934
0.00193625
0.00228559
0.00257959
0.00280905
0.00297142
0.00306082
0.00307498
0.00301408
0.00288034
0.00267477
0.00240479
0.00207641
0.00169705
0.00127648
0.000825051
0.000353578
-0.000126327
-0.000603016
-0.00106422
-0.00150038
-0.00189911
-0.00225156
-0.00254857
-0.00278382
-0.00295038
-0.00304469
-0.00306585
-0.0030107
-0.0028822
-0.00268394
-0.00241973
-0.0020971
-0.00172244
-0.0013065
-0.000858636
-0.000390168
8.81282e-05
0.000562769
0.00102544
0.00145908
0.00186229
0.00221714
0.00251788
0.00275309
0.002928
0.00302878
0.00305449
0.00300618
0.0028841
0.00269127
0.00243394
0.00211497
0.00174704
0.00133549
0.000891514
0.000426561
-4.99011e-05
-0.00052414
-0.00098583
-0.0014232
-0.00182538
-0.00218298
-0.0024871
-0.00273101
-0.00290692
-0.00301259
-0.00304438
-0.00299954
-0.00288589
-0.00269863
-0.00244759
-0.00213564
-0.00177167
-0.00136492
-0.00092458
-0.000461382
1.1952e-05
0.000485233
0.000946534
0.00138445
0.00178868
0.00214869
0.00245597
0.00270398
0.00288488
0.00299596
0.00303363
0.00299715
0.00288765
0.00270624
0.00246116
0.0021544
0.00179571
0.00139323
0.000956989
0.000497302
2.5629e-05
-0.000446372
-0.000907322
-0.00134173
-0.00175159
-0.00211405
-0.00242459
-0.00267578
-0.00286254
-0.00297861
-0.00302203
-0.00299167
-0.00288792
-0.00271416
-0.00247329
-0.0021732
-0.00181896
-0.00142122
-0.000988526
-0.000532634
-6.31334e-05
0.000407611
0.000868275
0.00130735
0.00171477
0.0020798
0.00239377
0.00264955
0.0028405
0.00296165
0.00301045
0.00298593
0.00288834
0.00272053
0.00248583
0.00219105
0.00184242
0.00144982
0.00102059
0.000566967
9.99743e-05
-0.00036934
-0.000829126
-0.00126953
-0.00167809
-0.00204524
-0.0023626
-0.00262236
-0.00281777
-0.00294446
-0.0029986
-0.00298022
-0.00288733
-0.00272697
-0.00249818
-0.00220829
-0.00186515
-0.00147644
-0.00105154
-0.000601514
-0.000136731
0.000331155
0.000791364
0.00123104
0.00164052
0.00201212
0.00233157
0.00259488
0.0027947
0.00292704
0.00298635
0.00297256
0.00288834
0.00273147
0.00250872
0.00222407
0.0018874
0.00150337
0.001083
0.000636034
0.000173365
-0.000293201
-0.000752103
-0.00119295
-0.00160392
-0.00197573
-0.00229916
-0.00256693
-0.00277216
-0.00290804
-0.00297371
-0.00296708
-0.00288756
-0.00273742
-0.00252049
-0.00224189
-0.00190905
-0.00152903
-0.00111331
-0.000669369
-0.000209364
0.000255314
0.000713182
0.00115473
0.00156702
0.00194152
0.00226787
0.00253895
0.0027479
0.00288987
0.00296109
0.00295956
0.00288486
0.0027421
0.00253136
0.00225848
0.00193112
0.00155591
0.00114339
0.000703422
0.00024518
-0.000218143
-0.000675687
-0.00111665
-0.00153101
-0.00190705
-0.00223631
-0.00251084
-0.00272452
-0.00287086
-0.00294757
-0.00295222
-0.00288436
-0.0027466
-0.00254333
-0.00227342
-0.00195163
-0.00158163
-0.00117313
-0.00073599
-0.000280867
0.000180664
0.000637705
0.00107901
0.00149379
0.00187182
0.00220437
0.00248374
0.00270017
0.00285203
0.00293355
0.0029441
0.00288239
0.00275012
0.00255077
0.00228959
0.00197231
0.00160652
0.00120236
0.000768662
0.000316756
-0.00014318
-0.00059985
-0.00104145
-0.00145714
-0.00183717
-0.00217207
-0.00245425
-0.00267514
-0.00283277
-0.00291944
-0.00293613
-0.00287994
-0.00275361
-0.00256028
-0.00230452
-0.0019923
-0.00163187
-0.00123142
-0.0008011
-0.00035101
0.000106593
0.000561758
0.00100381
0.00142035
0.00180217
0.00213993
0.00242575
0.00265173
0.00281296
0.00290564
0.00292696
0.00287714
0.0027569
0.00256919
0.00231932
0.00201444
0.00165679
0.00126067
0.000833149
0.00038632
-7.02521e-05
-0.00052458
-0.00096582
-0.00138405
-0.00176784
-0.00210575
-0.0023969
-0.00262727
-0.00279269
-0.00289096
-0.00291802
-0.00287386
-0.00275941
-0.00257772
-0.00233314
-0.00203108
-0.00168031
-0.00128827
-0.000864528
-0.000420433
3.37729e-05
0.000486792
0.000928917
0.00134756
0.00173295
0.00207599
0.00236813
0.00260374
0.0027732
0.00287603
0.00290879
0.00287045
0.00275925
0.00258562
0.00234606
0.00205039
0.00170432
0.0013162
0.000896353
0.000453725
2.5236e-06
-0.000450321
-0.000891425
-0.0013109
-0.0016977
-0.00204332
-0.00233964
-0.00257732
-0.00275333
-0.00286119
-0.0028989
-0.00286668
-0.00276355
-0.00259304
-0.00235643
-0.00206879
-0.00172736
-0.00134376
-0.000927388
-0.000488715
-3.81841e-05
0.000412469
0.000854189
0.00127436
0.00166225
0.0020127
0.00230998
0.0025518
0.0027299
0.00284489
0.00288891
0.00286152
0.0027645
0.00260043
0.00237272
0.00208683
0.00175017
0.00137118
0.000958406
0.00052227
7.40782e-05
-0.00037659
-0.000817058
-0.00123815
-0.00162847
-0.00197856
-0.00228035
-0.00252707
-0.00271118
-0.00282944
-0.00287864
-0.00285686
-0.00276502
-0.00260716
-0.00238499
-0.0021044
-0.00177264
-0.00139707
-0.000988776
-0.000555734
-0.000109208
0.000339734
0.000780344
0.0012011
0.00159365
0.00194611
0.00225143
0.00250158
0.0026902
0.00281322
0.00286794
0.00285194
0.00276617
0.0026104
0.00239682
0.0021216
0.0017947
0.00142409
0.00101869
0.00058876
0.000144543
-0.000303029
-0.000741282
-0.00116488
-0.00155859
-0.00191387
-0.00222154
-0.00247585
-0.00266932
-0.0027967
-0.00285618
-0.00284633
-0.00276645
-0.00261944
-0.00240823
-0.00213909
-0.001818
-0.00144954
-0.00104858
-0.000621423
-0.000179346
0.000267297
0.000706912
0.0011286
0.00152367
0.00188106
0.00219189
0.00244928
0.00264676
0.00278021
0.0028449
0.00284064
0.00276625
0.00262474
0.00241941
0.00215477
0.00183703
0.00147572
0.00107789
0.000653617
0.000213882
-0.000231044
-0.000670305
-0.0010924
-0.0014888
-0.00184823
-0.00216221
-0.00242343
-0.00262559
-0.00276326
-0.00283334
-0.00283401
-0.00276566
-0.00263005
-0.0024303
-0.00217068
-0.00185843
-0.00150088
-0.00110696
-0.000685933
-0.000248123
0.000194703
0.00063474
0.00105694
0.00145397
0.00181482
0.0021323
0.00239692
0.00260306
0.00274515
0.00282113
0.00282732
0.00276451
0.00263488
0.00244022
0.00218663
0.00188065
0.00152585
0.0011355
0.000715656
0.000282427
-0.000159303
-0.000597661
-0.00102076
-0.00141898
-0.0017831
-0.00210225
-0.00237063
-0.00258245
-0.00272823
-0.0028088
-0.0028208
-0.00276367
-0.00263856
-0.00245017
-0.00220131
-0.00189867
-0.00155154
-0.00116351
-0.000749277
-0.000316327
0.000124069
0.000561605
0.000985154
0.00138403
0.00174958
0.00207221
0.00234344
0.00255829
0.0027104
0.00279582
